lastAccountName: Turba
timestamps:
  login: 1628517762250
  logout: 1628520441483
ipAddress: 127.0.0.1
lastlocation:
  world: world
  x: 25.895381666051414
  y: 76.0
  z: -26.456434342610024
  yaw: 102.70814
  pitch: 66.004585
logoutlocation:
  world: world
  x: 32.5
  y: 70.0
  z: -31.5
  yaw: -42.46091
  pitch: 7.916442
nickname: TurboTruba
