lastAccountName: Turba
timestamps:
  login: 1628580548237
  logout: 1628581374041
ipAddress: 127.0.0.1
lastlocation:
  world: world
  x: 25.895381666051414
  y: 76.0
  z: -26.456434342610024
  yaw: 102.70814
  pitch: 66.004585
logoutlocation:
  world: world
  x: 96.69999998807907
  y: 69.0
  z: -4.872777301981915
  yaw: 29.403849
  pitch: 27.347658
nickname: TurboTruba
