lastAccountName: _TurboYouTube_
timestamps:
  login: 1628546026642
  lastteleport: 1628545922723
  logout: 1628547995292
ipAddress: 127.0.0.1
lastlocation:
  world: world
  x: 7.953123665951159
  y: 68.0
  z: -42.81572397172331
  yaw: -177.0283
  pitch: 12.788764
afk: false
