lastAccountName: Ne_Rubychka
timestamps:
  login: 1628516642903
  logout: 1628520441463
  lastteleport: 1628517914754
  kits:
    gold: 1628518975105
    diamond: 1628519331121
    pelmeshka: 1628520377640
    izumrud: 1628519522884
    netherite: 1628519882543
ipAddress: 127.0.0.1
lastlocation:
  world: world
  x: 321.05076644596573
  y: 72.0
  z: 192.17056926002277
  yaw: 3.9508667
  pitch: 31.87135
logoutlocation:
  world: world
  x: -379.9615524477677
  y: 70.0
  z: -99.26816102919732
  yaw: -86.16778
  pitch: 15.935342
