lastAccountName: Ne_Rubychka
timestamps:
  login: 1628580253318
  logout: 1628581343091
  lastteleport: 1628580632471
  kits:
    gold: 1628518975105
    diamond: 1628519331121
    pelmeshka: 1628533622238
    izumrud: 1628519522884
    netherite: 1628519882543
ipAddress: 127.0.0.1
lastlocation:
  world: world
  x: 1119.8435109378738
  y: 72.43337546922226
  z: 181.08756693394375
  yaw: 91.444534
  pitch: 34.996277
logoutlocation:
  world: world
  x: 55.2048979164591
  y: 72.0
  z: -43.53520751635349
  yaw: 9.09082
  pitch: 21.693075
afk: false
homes:
  home:
    world: world
    x: 445.181538189507
    y: 70.0
    z: -60.28628265834281
    yaw: -72.60901
    pitch: 36.94962
  ff:
    world: world
    x: 446.41102161590527
    y: 70.0
    z: -59.902595810617996
    yaw: -72.60901
    pitch: 36.94962
  ffd:
    world: world
    x: 447.6405050423035
    y: 70.0
    z: -59.51890896289318
    yaw: -72.60901
    pitch: 36.94962
  ffdd:
    world: world
    x: 448.6641542681598
    y: 70.0
    z: -59.202678910823494
    yaw: -72.60901
    pitch: 36.94962
