lastAccountName: Ne_Rubychka
timestamps:
  login: 1628512147659
  logout: 1628514095018
ipAddress: 127.0.0.1
lastlocation:
  world: world
  x: -368.69999998807907
  y: 75.0
  z: -76.8147052556256
  yaw: -94.642975
  pitch: 55.51766
logoutlocation:
  world: world
  x: -359.93206698511517
  y: 71.0
  z: -78.82152386725163
  yaw: -18.682152
  pitch: 15.215695
