lastAccountName: Ne_Rubychka
timestamps:
  login: 1628532623321
  logout: 1628535319721
  lastteleport: 1628533330884
  kits:
    gold: 1628518975105
    diamond: 1628519331121
    pelmeshka: 1628533622238
    izumrud: 1628519522884
    netherite: 1628519882543
ipAddress: 127.0.0.1
lastlocation:
  world: world
  x: 1114.7576031846447
  y: 74.87940486146758
  z: 202.86179584597141
  yaw: -121.37427
  pitch: 17.826809
logoutlocation:
  world: world
  x: 273.23067470824947
  y: 69.0
  z: 277.7918337812735
  yaw: -1.7041055
  pitch: 14.907616
afk: false
homes:
  home:
    world: world
    x: 445.181538189507
    y: 70.0
    z: -60.28628265834281
    yaw: -72.60901
    pitch: 36.94962
  ff:
    world: world
    x: 446.41102161590527
    y: 70.0
    z: -59.902595810617996
    yaw: -72.60901
    pitch: 36.94962
  ffd:
    world: world
    x: 447.6405050423035
    y: 70.0
    z: -59.51890896289318
    yaw: -72.60901
    pitch: 36.94962
  ffdd:
    world: world
    x: 448.6641542681598
    y: 70.0
    z: -59.202678910823494
    yaw: -72.60901
    pitch: 36.94962
