lastAccountName: Ne_Rubychka
timestamps:
  login: 1628515794006
  logout: 1628516485761
ipAddress: 127.0.0.1
lastlocation:
  world: world
  x: -326.2130759345659
  y: 70.38285103160403
  z: -788.5881871928495
  yaw: -158.69427
  pitch: 17.374882
logoutlocation:
  world: world
  x: -379.9615524477677
  y: 70.0
  z: -99.26816102919732
  yaw: -86.16778
  pitch: 15.935342
