lastAccountName: Ne_Rubychka
timestamps:
  login: 1628527882788
  logout: 1628530778339
  lastteleport: 1628517914754
  kits:
    gold: 1628518975105
    diamond: 1628519331121
    pelmeshka: 1628520377640
    izumrud: 1628519522884
    netherite: 1628519882543
ipAddress: 127.0.0.1
lastlocation:
  world: world
  x: 372.5290319134341
  y: 69.0
  z: 294.9977393534507
  yaw: 79.06119
  pitch: -6.1686325
logoutlocation:
  world: world
  x: 273.23067470824947
  y: 69.0
  z: 277.7918337812735
  yaw: -1.7041055
  pitch: 14.907616
afk: false
homes:
  home:
    world: world
    x: 351.44835077600806
    y: 72.0
    z: 333.491661894284
    yaw: -144.30283
    pitch: 50.068962
