lastAccountName: turba
timestamps:
  login: 1628546020400
  logout: 1628547995289
ipAddress: 127.0.0.1
lastlocation:
  world: world
  x: -1.1913558972374314
  y: 69.15257338868383
  z: -42.770203561463454
  yaw: 48.196564
  pitch: 30.888296
